1011,8995
1012,8020
1013,21180
1014,220
1015,14600
1016,10685
1017,12375
1018,20210
1019,18030
1021,6975
1022,1595
1023,4550
1024,12165
1025,14955
1026,505
1027,410
1028,575
1031,5190
1032,4750
1033,11310
1034,12865
1035,9665
1036,990
1037,135
1041,30
1042,35
1043,60
1044,5
1045,130
1046,25
1047,45
1051,12570
1052,11475
1053,14960
1054,16420
1055,19660
1056,17820
1057,16165
1058,14065
1059,6245
1060,10285
1061,10710
1062,7805
1063,12445
1064,15935
1065,10690
1066,17530
1067,16430
1068,15385
1069,23045
1071,12600
1072,13050
1073,12825
1074,7905
1075,10230
1076,11545
1077,9425
1078,14170
1079,13545
1081,4695
1082,8845
1083,5965
1086,3210
1087,14160
1091,15345
1092,8875
1093,8210
1094,12380
1095,11120
1096,2030
1097,13050
1098,13755
1101,70
1102,21180
1103,13445
1104,12345
1105,105
1106,18555
1107,11775
1108,2920
1109,1500
1111,13205
1112,8195
1113,3600
1115,4730
1118,10
1119,20
1121,9065
1127,770
1131,8735
1132,12530
1135,7210
1141,9890
1145,220
1151,2400
1153,315
1154,135
1156,1795
1161,7570
1165,2390
1171,12025
1175,830
1181,18575
1182,3760
1183,13045
1184,565
1185,10365
1186,12790
1187,14830
1188,7405
1189,465
1191,8345
1211,8440
1212,3420
1213,6425
1214,7450
1215,10140
1216,8785
1217,7325
1218,4095
1221,7805
1222,10275
1223,10820
1231,8510
1241,6725
1243,1260
1244,1500
1251,11070
1252,340
1261,8955
1271,7930
1272,6200
1273,9015
1274,6910
1275,2185
1276,7215
1277,2260
1309,40
1311,4750
1312,7410
1313,4570
1314,5945
1315,3570
1316,4425
1317,4180
1318,9410
1319,4475
1321,9910
1322,0
1323,6590
1324,10170
1325,10800
1326,11745
1327,5
1328,10070
1329,0
1331,245
1332,30
1333,12645
1334,1335
1335,12085
1336,7230
1338,10010
1339,11320
1343,1165
1349,180
1351,2035
1352,1670
1353,4470
1354,2845
1355,2685
1356,2750
1357,3420
1358,515
1359,1695
1361,125
1363,4085
1381,4920
1382,9320
1383,3745
1391,7430
1393,1570
1394,5105
1396,1360
1398,3315
1399,3180
1401,4865
1402,9355
1403,9000
1404,3135
1405,2810
1406,3245
1411,9740
1412,7445
1421,5260
1422,12900
1423,6005
1424,3955
1426,900
1427,970
1428,105
1431,11645
1432,9640
1433,8900
1435,4055
1436,500
1437,80
1438,160
1441,13935
1442,6720
1443,6940
1444,6765
1445,9380
1446,5300
1447,13425
1448,16725
1451,410
1452,1835
1454,405
1456,1755
1458,180
1461,2805
1462,4380
1463,600
1464,795
1471,830
1472,705
1473,765
1474,3250
1475,535
1476,100
1477,155
1481,105
1482,145
1483,4035
1484,875
1485,85
1486,710
1487,290
1488,195
1489,165
1501,6085
1502,7540
1503,10515
1504,8045
1505,5750
1506,11750
1507,12050
1508,4535
1509,6585
1511,9120
1521,10650
1525,605
1531,12580
1534,520
1536,305
1541,11260
1544,8810
1546,760
1551,4415
1561,7805
1562,9250
1566,13110
1567,8110
1601,7320
1602,10850
1606,4260
1607,1550
1608,1395
1609,105
1611,10635
1613,8655
1614,2105
1616,7850
1617,1775
1619,6530
1621,5310
1622,8105
1623,2600
1624,5215
1625,9210
1627,20
1628,21515
1631,460
1633,3660
1634,460
1636,1285
1641,920
1642,40
1643,480
1645,2875
1646,80
1647,2445
1648,2855
1652,520
1654,730
1655,930
1657,2165
1658,190
1661,425
1662,320
1663,105
1671,8345
1674,1940
1676,1030
1678,905
1679,2370
1681,250
1682,190
1683,210
1684,480
1685,450
1686,135
1687,5335
1688,2400
1689,14280
1691,635
1692,35
1693,7640
1695,4435
1696,1555
1697,845
1701,8375
1702,8290
1703,12770
1704,6735
1705,15815
1711,1670
1713,5685
1715,3720
1716,2330
1718,4025
1719,485
1721,5110
1722,6260
1723,5295
1724,4005
1731,3270
1732,750
1733,3195
1734,430
1735,2045
1736,420
1738,2495
1741,11805
1742,6875
1744,1900
1746,1760
1747,3710
1749,6310
1751,2035
1752,795
1753,620
1754,840
1755,1665
1756,2300
1757,785
1759,2545
1761,8245
1764,3685
1766,2325
1767,1010
1768,925
1769,185
1771,6175
1773,620
1774,2045
1775,3740
1777,5325
1778,885
1779,2405
1781,9060
1782,11045
1783,3120
1784,9280
1785,9440
1786,190
1787,1975
1788,12585
1789,490
1791,7125
1792,1350
1793,400
1794,1295
1795,1225
1796,1330
1797,990
1811,4480
1812,260
1813,7240
1814,9555
1815,6810
1816,8675
1817,3495
1821,1285
1822,3765
1823,6700
1824,7350
1825,9595
1826,6640
1827,11255
1829,4195
1831,2620
1832,245
1834,6085
1841,1815
1842,600
1843,735
1844,230
1846,380
1847,245
1851,12550
1852,10035
1861,6460
1862,6095
1865,390
1871,4735
1873,1630
1901,13810
1902,8845
1906,6895
1911,12815
1921,4870
1931,4900
1934,3935
1935,2725
1941,3320
1942,2330
1943,5045
1944,7020
1945,6525
1946,4405
1947,3510
1948,5055
1949,2115
1951,5080
1961,880
1962,7640
1963,5815
1964,7255
1965,6430
1966,4755
1967,4955
1968,310
1969,1155
1971,8470
1972,8110
1973,5575
1974,6145
1975,2135
1976,300
1981,1955
1985,3180
1991,14100
1992,2160
2011,12360
2012,12185
2013,8115
2014,7190
2015,5375
2019,90
2021,8500
2022,8200
2023,11875
2024,8840
2025,8745
2026,5540
2031,1570
2032,7490
2033,12065
2034,9715
2035,6485
2036,7550
2037,8145
2041,7650
2042,8010
2051,4150
2061,6095
2063,625
2064,2650
2065,370
2071,6895
2082,3170
2101,7160
2102,4630
2103,3620
2104,3945
2105,3875
2106,3060
2111,4375
2114,2200
2116,970
2121,5215
2131,10460
2132,11230
2133,7965
2134,28505
2135,15185
2136,1780
2141,4365
2142,960
2143,130
2144,995
2151,15735
2152,11720
2153,3105
2154,300
2155,45
2156,365
2157,1125
2158,435
2159,480
2161,11835
2162,7695
2163,3150
2165,3680
2171,9740
2172,5705
2181,8580
2182,12040
2191,2140
2201,13060
2202,7740
2203,3915
2204,710
2211,13455
2215,15390
2221,13215
2222,30
2223,6365
2224,9175
2225,13985
2231,14825
2235,4445
2241,9880
2242,8845
2243,2930
2244,2005
2245,2065
2251,10615
2252,5060
2253,7765
2254,425
2261,4680
2262,3115
2263,5470
2264,8450
2265,4110
2266,6265
2267,365
2271,7095
2272,8020
2273,9395
2274,10620
2275,4500
2281,4535
2282,9830
2283,5565
2284,4405
2285,8025
2286,7825
2287,3685
2288,1085
2289,1710
2291,11305
2292,3100
2295,3605
2311,10320
2312,14505
2313,12370
2314,6010
2315,8170
2316,8130
2317,11035
2318,3420
2321,8150
2322,210
2323,140
2324,10065
2331,11785
2332,9585
2333,1725
2334,2265
2341,9475
2342,1720
2343,11570
2351,5100
2352,8105
2353,13395
2355,1735
2361,4785
2362,190
2371,7400
2374,785
2375,1580
2376,650
2377,4035
2381,5485
2382,2565
2391,5650
2394,5295
2396,4200
2401,9515
2402,13720
2403,10290
2404,4420
2405,7715
2406,8155
2407,835
2408,14880
2409,55
2411,17675
2415,1750
2421,8605
2431,1630
2432,195
2435,2855
2441,3795
2445,1175
2451,4275
2461,8950
2465,1245
2471,1925
2481,3570
2491,330
2492,12710
2493,6925
2495,170
2496,9490
2497,10125
2498,5745
2511,3365
2512,13400
2513,7230
2514,2905
2515,11550
2516,8690
2517,8405
2518,10040
2521,7295
2522,11575
2523,5215
2524,6745
2525,16345
2526,13020
2531,8380
2532,5075
2533,7060
2541,7520
2542,9525
2543,6005
2544,10930
2545,10225
2546,5720
2547,7070
2548,19695
2551,10830
2552,15855
2553,7450
2554,1755
2555,8170
2561,5255
2562,10470
2563,9835
2564,10935
2565,11540
2566,6000
2571,10360
2572,8585
2573,10130
2574,7040
2581,3085
2582,8280
2583,9680
2584,6515
2585,6280
2586,7325
2587,7755
2591,6680
2592,6085
2593,8090
2594,1685
2595,6400
2596,6790
2597,7685
2611,12010
2612,9320
2613,12935
2614,9880
2616,115
2622,8600
2623,6260
2624,12700
2625,13930
2626,50
2627,1305
2628,10295
2629,285
2631,15205
2632,3500
2635,7065
2636,4570
2641,12135
2642,8175
2643,1035
2645,9235
2651,17670
2652,8250
2661,13480
2662,3760
2665,10930
2671,13030
2672,3760
2673,2065
2675,7480
2676,3930
2678,11765
2681,13615
2684,535
2685,5630
2691,13075
2692,3355
2693,975
2694,2530
2711,3750
2712,4935
2713,5830
2715,5360
2716,9745
2717,7200
2718,9465
2719,12315
2721,8660
2722,6120
2723,3835
2724,7445
2725,6030
2726,6250
2727,5415
2728,9085
2729,10470
2731,3315
2735,80
2741,10235
2742,7995
2743,7110
2751,3535
2752,390
2761,6640
2771,15040
2801,6690
2802,9445
2803,9230
2804,12620
2805,10205
2806,10615
2807,11710
2808,400
2809,130
2811,9810
2821,4995
2825,1670
2831,2405
2841,8170
2851,4200
2855,615
2861,6605
2865,1520
2871,11920
2901,10255
2902,7860
2903,8290
2904,7830
2905,6355
2906,5550
2907,14035
2908,3205
2909,2730
2911,6425
2912,6745
2913,595
2914,8025
2921,2255
2922,6595
2923,6145
2924,4155
2925,6930
2926,2550
2931,6435
2935,5735
2941,7555
2951,9725
2952,755
2953,5880
2954,2845
2957,8740
2959,2535
2961,805
2964,4070
2965,1365
2967,1670
2968,100
2969,2165
2971,2770
2973,1075
2974,1230
2975,970
2977,890
2981,3160
2982,5905
2983,8585
2984,3065
2985,4700
2986,8460
2987,7265
2988,2935
2989,815
2991,12070
2992,14040
2993,14515
2994,6210
2995,3725
3011,13425
3012,4150
3013,1065
3014,8045
3015,2200
3016,1360
3021,11405
3022,9710
3023,9125
3024,8055
3025,7260
3026,6950
3027,10110
3028,7555
3029,3280
3031,8085
3032,6300
3033,4525
3034,10100
3035,6485
3036,8290
3037,7595
3038,7600
3039,9570
3041,115
3042,7280
3043,7110
3044,145
3045,1365
3046,410
3047,85
3051,7450
3052,6035
3053,9790
3054,7765
3055,7755
3056,3480
3059,11000
3061,15570
3062,7175
3063,8950
3064,1710
3065,8420
3066,10350
3067,20110
3068,22130
3069,18920
3071,18895
3072,14215
3073,13740
3074,11125
3075,12690
3076,13330
3077,17860
3078,11525
3079,15705
3081,11935
3082,11110
3083,12740
3084,2320
3085,12255
3086,11245
3087,1815
3088,15
3089,1485
3111,4400
3112,10790
3113,25
3114,5885
3115,30
3116,3035
3117,8845
3118,4790
3119,9375
3121,3235
3122,8705
3123,7495
3124,8765
3125,340
3131,15410
3132,12220
3133,970
3134,6820
3135,12130
3136,10060
3137,13650
3138,15
3141,6650
3142,5440
3143,2465
3144,5690
3145,6275
3146,5285
3147,105
3151,9665
3155,6525
3161,7760
3162,6970
3171,6030
3172,1180
3176,2735
3181,12505
3191,9810
3192,11655
3193,6110
3194,6480
3195,4795
3197,0
3198,10
3201,11165
3202,6615
3203,3750
3204,7665
3205,8540
3206,10365
3207,16590
3208,6195
3209,1365
3211,1755
3212,435
3214,5240
3216,1275
3218,2530
3221,5140
3222,4120
3223,13810
3224,8260
3225,8395
3227,1175
3231,3455
3232,8960
3233,7210
3234,560
3235,6215
3237,1690
3238,1875
3241,6735
3243,1375
3244,2475
3245,7475
3247,5020
3248,2170
3249,1225
3251,3475
3252,2175
3253,5755
3255,4865
3256,1180
3257,2650
3258,1705
3261,9280
3262,9055
3263,5200
3264,3845
3265,1650
3267,1995
3271,4290
3273,2100
3274,3440
3281,8745
3284,3360
3286,4045
3291,7935
3292,465
3293,470
3295,9085
3297,6815
3299,3240
3311,15915
3312,11200
3313,5385
3314,16190
3315,20230
3316,790
3317,14870
3318,5535
3319,10225
3328,15945
3329,2460
3331,10815
3332,9675
3333,7180
3334,6150
3335,6830
3336,70
3341,6935
3342,6260
3343,6785
3344,7635
3351,8970
3352,3465
3353,5840
3354,2535
3355,6255
3356,4820
3361,6335
3362,11480
3363,5990
3364,250
3366,705
3371,11925
3372,4595
3373,1010
3381,4885
3401,12460
3402,9265
3403,2270
3404,10345
3405,3430
3411,8070
3412,1105
3413,320
3415,1195
3417,9735
3421,7890
3425,830
3431,7260
3432,5820
3433,3465
3434,8495
3435,6090
3436,6540
3437,13665
3438,9290
3439,320
3441,1940
3442,4030
3443,7025
3444,235
3445,3995
3446,8040
3447,20
3448,9510
3449,460
3451,9500
3452,10145
3453,9325
3454,11760
3455,435
3461,3760
3464,390
3465,1810
3466,1685
3467,710
3471,3790
3474,2335
3481,8360
3511,8570
3512,7905
3513,5465
3514,7455
3515,4790
3521,5405
3522,8735
3523,8980
3524,11565
3525,5605
3526,10070
3527,11845
3528,10
3531,11340
3532,6985
3533,7445
3534,1300
3541,65
3542,190
3543,7515
3544,17530
3545,145
3546,210
3551,6935
3552,6235
3553,7220
3554,7230
3555,7875
3561,8280
3562,6755
3563,6235
3564,9680
3565,70
3566,330
3571,9675
3572,11225
3573,3180
3581,9700
3582,8695
3583,5940
3584,5615
3585,180
3601,6945
3602,3660
3603,2350
3604,1735
3605,5230
3606,30
3607,14080
3608,3395
3611,565
3612,1180
3615,1220
3621,10575
3625,210
3626,730
3628,3315
3631,465
3632,4270
3633,1765
3634,500
3641,11515
3642,3370
3643,1655
3645,8495
3646,785
3648,6515
3651,140
3652,650
3653,50
3701,5725
3702,3780
3703,5915
3704,9065
3705,9460
3706,5310
3707,5775
3708,5935
3709,325
3711,1530
3712,2030
3721,7745
3722,4410
3723,9890
3731,5955
3732,4510
3734,4220
3735,1765
3737,1885
3738,4975
3739,1455
3741,8980
3742,9585
3743,4425
3744,1100
3749,290
3751,6300
3752,12935
3754,875
3755,8845
3761,4905
3762,8370
3763,2560
3764,5205
3765,5060
3766,7420
3768,5785
3769,6305
3771,10680
3772,15775
3773,3785
3774,5110
3775,270
3776,1580
3781,10270
3784,1475
3785,1255
3791,2410
3792,130
3794,640
3811,6085
3812,11020
3813,15325
3814,5835
3815,10450
3816,10885
3817,11940
3818,10090
3819,450
3821,190
3822,8520
3823,11815
3824,15320
3825,10180
3826,4040
3828,10785
3829,3530
3831,12850
3832,3980
3833,6980
3834,2025
3835,355
3836,135
3841,5960
3842,6590
3843,6580
3844,9490
3845,8715
3846,120
3847,620
3848,4030
3849,2820
3851,10435
3852,5355
3853,10345
3861,7585
3862,12895
3863,6935
3864,3460
3871,8910
3881,11340
3882,12400
3886,2045
3888,2855
3891,5120
3892,5740
3893,6730
3894,1930
3896,590
3897,705
3898,200
3899,90
3901,9235
3902,10295
3903,7065
3904,13410
3905,14445
3906,7565
3907,255
3911,13840
3912,635
3921,4100
3922,355
3925,9330
3927,4755
3931,12000
3941,10025
3945,3100
3947,2065
3951,4605
3953,1310
3956,7575
3958,5450
3959,1385
3961,9590
3962,8365
3971,7885
3972,10485
3981,6680
3984,5435
3985,2320
3989,10
3991,17365
3992,6645
3993,5385
3994,13750
3995,1555
3997,615
3998,1945
3999,680
4001,9970
4002,2365
4003,8315
4004,90
4005,5630
4006,3870
4007,8840
4011,1550
4012,1390
4013,675
4014,1145
4016,175
4017,145
4021,4175
4023,670
4024,1625
4031,2150
4032,785
4033,5660
4041,5205
4043,6115
4051,4565
4053,1085
4054,1150
4061,1620
4062,140
4063,400
4064,1000
4101,7025
4102,8265
4103,1425
4104,90
4105,10435
4106,65
4107,270
4111,630
4112,3145
4115,390
4116,2675
4117,515
4119,400
4121,1220
4122,800
4124,1505
4126,950
4128,2590
4131,4275
4132,4645
4133,7225
4141,5160
4142,6100
4143,6855
4145,1530
4147,3220
4151,585
4152,675
4153,3550
4155,300
4156,910
4157,570
4158,2175
4161,2275
4163,220
4171,2475
4174,975
4175,2590
4176,630
4181,2325
4182,505
4184,1165
4185,620
4191,10400
4194,3740
4196,2200
4197,1110
4201,5465
4202,70
4203,165
4204,5265
4205,9655
4206,2135
4207,11055
4208,120
4209,1210
4211,770
4212,115
4213,945
4214,2030
4221,1415
4223,1700
4225,1820
4231,3635
4233,2830
4235,750
4241,3395
4243,1030
4245,1555
4247,830
4251,11255
4254,5365
4255,3400
4261,6225
4264,2465
4265,1720
4266,745
4267,390
4268,720
4269,410
4271,2405
4273,3930
4281,2435
4283,1520
4284,1730
4285,4580
4286,3580
4287,220
4288,350
4301,9365
4302,1020
4303,440
4305,650
4306,2690
4307,2360
4308,355
4311,4070
4315,1010
4316,765
4317,750
4318,1420
4321,1030
4322,1320
4323,340
4325,1595
4326,320
4327,305
4328,4400
4331,6250
4332,4085
4333,5350
4334,2960
4335,7050
4336,7405
4337,8095
4338,65
4339,1310
4341,5455
4351,1670
4352,505
4353,1780
4354,1115
4356,2420
4357,1510
4361,2720
4363,1495
4364,1315
4365,1450
4371,3500
4373,925
4374,1515
4381,7030
4382,7915
4383,2890
4384,5740
4385,5590
4386,3800
4387,525
4388,10470
4389,575
4401,6650
4411,3035
4413,4410
4414,1325
4415,480
4416,3975
4417,1735
4421,8780
4423,510
4424,3045
4431,4610
4433,735
4434,950
4435,625
4436,715
4437,405
4438,570
4441,1125
4443,620
4444,515
4451,5475
4453,1970
4454,1480
4455,1175
4456,1750
4458,1660
4461,11205
4462,6475
4463,6830
4464,1515
4465,990
4471,2270
4472,1185
4474,545
4475,775
4481,3210
4482,20
4484,1905
4485,435
4486,1570
4491,1155
4493,2070
4494,345
4501,4815
4503,1075
4504,455
4505,590
4506,785
4507,1470
4508,545
4511,4745
4513,805
4515,2205
4521,1645
4522,210
4524,2290
4525,395
4527,2420
4528,325
4529,855
4531,2500
4532,6950
4533,3055
4535,4930
4536,3080
4537,4075
4538,225
4539,195
4541,2380
4542,3005
4543,2835
4551,4070
4553,2135
4554,1970
4561,9745
4562,1130
4564,3110
4565,370
4566,1115
4567,2465
4568,1005
4569,920
4571,8000
4574,945
4575,240
4576,2580
4581,1920
4583,495
4584,240
4585,745
4586,550
4587,3215
4588,375
4589,325
4611,8080
4612,235
4613,3955
4614,7240
4615,5840
4616,55
4617,7930
4621,4610
4622,425
4623,3990
4624,6265
4625,3090
4631,9025
4634,1520
4635,2155
4641,5240
4645,3730
4651,11990
4652,235
4655,735
4661,12410
4664,1940
4671,5665
4675,2685
4681,2325
4691,7605
4693,1685
4694,1765
4695,3630
4696,1710
4697,3670
4698,2735
4701,5765
4702,13320
4703,7075
4704,140
4705,335
4706,11660
4707,16150
4708,13025
4709,1590
4711,9270
4714,4950
4715,4755
4721,1245
4722,210
4724,4860
4725,1150
4726,1835
4727,630
4731,12200
4735,2000
4741,6655
4744,2050
4751,7180
4754,1210
4756,2285
4758,2305
4759,1070
4761,13450
4762,560
4765,1640
4766,25
4771,645
4772,260
4781,560
4782,595
4791,5695
4793,5400
4794,1000
4796,300
4797,3065
4811,15235
4812,8990
4813,7875
4814,11045
4815,3535
4816,4155
4817,15020
4818,8940
4819,3540
4822,8395
4823,9445
4824,9445
4825,125
4826,9045
4827,6495
4834,11170
4835,6590
4836,595
4837,2140
4838,1155
4839,375
4841,11510
4844,6325
4845,2175
4847,7020
4849,2365
4851,4670
4854,8085
4855,920
4856,330
4858,340
4859,50
4861,3840
4871,15250
4872,9030
4873,6235
4874,2710
4875,1875
4876,6460
4877,40
4878,5
4879,195
4881,7565
4882,2520
4884,3030
4885,1675
4891,6375
4901,10205
4902,8855
4903,250
4904,12055
4905,810
4906,2725
4907,10890
4908,3455
4909,1260
4911,1215
4921,11580
4924,565
4926,4150
4927,1650
4931,6940
4941,8410
4942,3870
4944,2090
5011,11060
5012,4195
5013,765
5014,10760
5015,710
5017,4880
5018,3225
5021,11935
5022,7725
5025,12365
5026,225
5032,6410
5035,6995
5036,6915
5037,9465
5038,12770
5041,8490
5042,12050
5043,9945
5044,8110
5045,19210
5046,11640
5047,150
5048,55
5049,7310
5051,14885
5052,3595
5053,1840
5056,10870
5059,290
5061,12170
5062,5980
5063,1295
5066,5980
5071,8025
5074,1370
5076,5435
5081,8510
5084,870
5085,1205
5087,3625
5089,820
5091,5665
5094,1840
5095,1675
5096,720
5101,3785
5102,5110
5103,6895
5104,5710
5105,385
5106,1075
5107,40
5109,2115
5111,5480
5113,1075
5114,150
5121,12285
5122,4280
5124,1355
5125,325
5126,7515
5131,4000
5133,2485
5141,5685
5142,9765
5143,4610
5144,8995
5145,110
5146,2200
5151,12505
5152,5670
5154,1555
5161,9820
5165,5035
5171,13575
5172,2830
5175,6030
5176,530
5211,12055
5212,6910
5213,7695
5215,5200
5216,6555
5221,5655
5222,125
5223,11100
5224,8185
5231,10690
5232,680
5233,8505
5234,90
5235,7235
5236,6385
5237,10000
5241,6320
5242,4385
5243,2720
5244,3315
5245,1695
5246,5970
5247,7485
5248,1465
5249,370
5251,11555
5252,2215
5253,2075
5254,2065
5256,5490
5258,9685
5261,6780
5262,13450
5263,4430
5264,275
5266,725
5268,4625
5271,10385
5272,1785
5275,4020
5281,6405
5282,6550
5283,12435
5291,1285
5292,255
5293,520
5294,175
5296,2200
5298,4885
5301,10345
5302,1450
5305,1625
5306,3020
5307,995
5308,2015
5311,2345
5313,705
5314,1620
5315,565
5316,355
5317,1565
5318,40
5321,4735
5324,3540
5325,995
5327,845
5328,2730
5331,7175
5333,280
5334,1580
5335,630
5341,6200
5342,6310
5343,5405
5344,8160
5345,14720
5346,7335
5347,360
5348,8570
5349,320
5351,8805
5361,8925
5363,1780
5364,1135
5366,1630
5367,695
5368,745
5371,5445
5373,2810
5374,6870
5375,1705
5381,510
5382,1440
5383,405
5384,12735
5386,4465
5388,6065
5391,3515
5392,920
5394,1195
5395,180
5396,935
5397,3010
5398,1360
5401,8280
5402,8005
5403,9500
5404,3385
5405,315
5406,5700
5408,3510
5409,2020
5411,6355
5421,12450
5422,3265
5423,1865
5424,1055
5425,1545
5427,8180
5428,1685
5431,11280
5432,6180
5433,430
5434,1235
5435,520
5437,1735
5438,1185
5439,255
5441,2325
5443,2940
5445,725
5446,2890
5447,1600
5449,80
5451,6085
5453,2255
5454,1540
5455,1115
5461,3735
5462,3040
5463,7045
5464,5870
5465,1685
5466,1380
5467,8050
5469,6675
5471,125
5472,1140
5473,8045
5476,1570
5481,9770
5482,13270
5491,10695
5492,7115
5501,4380
5502,5030
5503,5880
5504,6040
5505,3440
5506,2780
5507,2205
5508,10740
5509,3080
5511,1305
5512,2185
5513,1895
5521,9585
5524,1355
5525,1845
5527,5215
5528,2155
5529,1025
5531,10130
5534,870
5541,8370
5551,9195
5552,5825
5553,1805
5554,9140
5555,3340
5556,1305
5561,2350
5563,2085
5571,10690
5575,2940
5581,6235
5582,4845
5583,5400
5591,9610
5595,4310
5611,9995
5612,10045
5613,5830
5614,3690
5615,7060
5616,10765
5621,4145
5622,7485
5623,10300
5624,5525
5625,9800
5626,4195
5627,12805
5628,10075
5629,9460
5631,5670
5632,13335
5633,130
5641,7665
5642,6985
5643,7420
5644,8230
5645,3870
5646,2520
5647,60
5651,2160
5652,7065
5653,6860
5654,9335
5655,4290
5656,0
5657,430
5658,8810
5661,1315
5662,3240
5663,6320
5664,4240
5665,5355
5666,3750
5667,4210
5671,4710
5672,7170
5673,6265
5674,4090
5681,830
5682,3595
5683,6370
5684,10305
5685,7710
5688,11910
5689,270
5691,10560
5692,225
5694,4870
5701,13750
5702,11750
5703,5465
5704,9095
5705,1600
5706,14145
5707,9750
5708,9020
5709,13670
5711,7565
5712,8580
5715,2165
5721,13005
5724,940
5725,2355
5731,9970
5735,5530
5737,4330
5738,1950
5741,9730
5751,12065
5752,1840
5753,3960
5754,6535
5756,1355
5757,3245
5758,1820
5759,870
5761,5520
5763,2030
5764,1180
5766,560
5768,6060
5801,9990
5802,7565
5803,8420
5804,2075
5807,2315
5808,1215
5809,2265
5811,780
5812,465
5813,2180
5814,515
5815,1100
5816,225
5817,210
5821,2650
5823,920
5824,455
5825,3670
5826,395
5827,700
5831,12345
5835,1765
5836,1760
5841,1850
5843,615
5844,665
5845,4225
5846,735
5851,2145
5853,2145
5854,5330
5855,2530
5856,1205
5861,1955
5862,445
5863,1065
5864,1900
5865,1225
5866,1235
5871,1095
5872,750
5911,3835
5912,9395
5913,9440
5914,7615
5915,5665
5916,2830
5921,6595
5922,5605
5923,3200
5924,3930
5925,4055
5926,2685
5927,770
5928,750
5931,9570
5932,5785
5935,3950
5941,5130
5943,1020
5944,2490
5951,5475
5953,11335
5954,2505
5961,12760
5962,2040
5963,1880
5964,1555
5966,2105
5971,4865
5973,2025
5975,6335
5976,1195
5977,270
5981,7450
5984,1235
5985,1715
5986,2125
5987,1065
5988,6110
5991,6640
5993,6525
5995,4275
6001,6960
6002,6970
6003,4765
6004,8995
6005,4480
6006,11195
6011,1475
6012,515
6013,980
6014,1820
6015,1315
6017,2440
6019,2145
6021,9070
6023,2050
6024,1560
6026,5300
6027,1700
6028,675
6029,1375
6031,10045
6034,1575
6035,4045
6037,1200
6039,5140
6041,10320
6042,8955
6043,12120
6044,3100
6045,5540
6049,6825
6051,7250
6061,4140
6063,2445
6065,3145
6067,3705
6071,8710
6074,3715
6075,4380
6077,3415
6081,4280
6082,965
6083,670
6085,3960
6086,3455
6088,4210
6089,860
6091,685
6092,325
6093,6530
6095,2660
6096,1710
6097,4245
6099,1775
6101,9570
6102,5045
6104,1730
6105,1365
6107,1630
6109,820
6111,625
6112,845
6114,8205
6116,1520
6118,3365
6121,6075
6122,2060
6123,1240
6124,760
6125,1815
6127,2410
6129,5650
6131,4245
6132,5600
6133,3900
6134,2465
6135,6030
6136,6820
6137,8680
6141,2650
6142,1370
6143,1225
6151,4825
6153,90
6155,2035
6161,4260
6162,4130
6163,8310
6164,5160
6165,4885
6166,5515
6167,20
6171,11160
6174,910
6176,3545
6181,8905
6191,13000
6199,5
6211,10320
6212,4395
6213,4120
6214,4810
6215,8870
6216,6750
6217,9375
6218,7310
6219,1715
6221,9315
6222,5475
6223,2755
6224,8600
6225,6370
6226,7500
6227,7845
6228,7050
6229,6940
6231,7655
6235,2830
6237,340
6241,6030
6243,2645
6245,8405
6247,3140
6251,420
6252,165
6255,1110
6261,945
6262,1035
6265,1375
6267,3625
6268,570
6269,3830
6271,3890
6273,240
6274,565
6276,180
6277,405
6278,80
6281,1885
6285,1095
6286,1940
6287,1705
6289,85
6291,7465
6294,1430
6295,910
6301,10840
6305,1550
6307,325
6311,810
6312,150
6321,2425
6325,4475
6333,3280
6336,4070
6341,55
6342,110
6343,3300
6351,5390
6353,50
6361,6545
6363,1695
6365,2860
6367,8405
6369,5515
6371,6115
6372,10240
6373,9225
6374,12610
6411,7410
6412,8830
6413,11745
6414,8080
6415,6535
6416,5745
6417,6675
6418,9290
6419,4515
6421,15
6422,85
6431,10815
6432,4350
6433,5110
6436,2625
6438,3845
6439,1125
6441,8095
6442,2750
6443,4075
6444,6635
6445,3050
6446,4775
6447,1695
6451,4795
6454,710
6456,820
6461,7940
6462,7685
6463,5625
6464,4310
6465,2210
6466,8175
6467,4925
6468,300
6469,670
6471,5580
6511,9210
6512,5065
6515,5590
6521,6730
6522,4505
6523,8040
6524,7215
6525,9655
6531,10000
6532,5665
6533,10875
6534,3330
6535,6570
6536,3605
6537,9680
6538,9750
6541,6770
6542,7190
6543,7165
6544,5910
6545,5570
6546,9455
6551,2445
6561,5480
6562,10540
6564,780
6566,5915
6571,2075
6572,385
6573,3605
6574,475
6575,100
6576,2325
6577,165
6578,1750
6579,545
6581,11615
6582,1570
6584,3720
6585,3045
6586,315
6587,860
6591,9210
6595,2465
6596,2775
6598,2120
6599,810
6601,10655
6602,6250
6603,3465
6604,4120
6605,11445
6606,420
6611,2565
6612,740
6613,695
6615,125
6616,850
6617,1800
6621,3300
6624,1465
6626,1700
6627,1300
6628,555
6629,830
6631,1670
6634,685
6641,12800
6642,4715
6644,3500
6645,2055
6651,9420
6652,2505
6653,1665
6654,1665
6655,1175
6657,2125
6658,6080
6659,2415
6661,11315
6662,9660
6663,6660
6665,3685
6666,5105
6668,1455
6669,4500
6671,5240
6672,195
6673,1705
6674,3000
6675,1670
6676,90
6677,485
6678,2345
6681,12570
6684,115
6685,1980
6686,2755
6687,2835
6691,7190
6701,3135
6702,2700
6703,2340
6704,520
6705,1295
6706,4760
6707,4725
6708,14780
6709,2220
6711,9170
6712,5050
6713,9800
6714,6815
6715,7235
6716,8935
6717,14860
6718,6500
6721,14785
6731,2315
6732,3565
6733,2450
6741,12665
6744,3470
6745,440
6811,4705
6812,2575
6813,4530
6814,6070
6815,3075
6816,1905
6821,5680
6822,6180
6823,6890
6824,9545
6825,5485
6826,9135
6827,255
6828,11645
6831,3195
6832,4400
6833,5715
6834,3345
6835,5125
6836,12455
6841,4515
6842,2125
6843,11320
6844,4295
6845,6410
6846,7495
6851,9040
6852,9095
6861,5475
6862,5845
6865,4850
6866,3570
6869,795
6871,9265
6874,1760
6877,130
6881,7230
6882,6725
6883,3910
6891,1500
6901,6230
6902,1240
6903,7075
6904,7600
6905,2645
6909,1845
6911,2475
6913,860
6914,1025
6915,3160
6916,2810
6917,685
6921,14395
6922,8100
6923,1980
6924,1075
6931,7280
6932,8060
6941,4785
6942,11825
6951,7870
6952,4540
6953,2220
6955,1110
6956,975
6957,845
6961,10085
6964,825
6971,8575
6974,685
6975,350
6981,4855
6982,2450
6983,4110
6984,225
6986,1375
6987,2840
6988,1370
6991,7370
6994,1170
6996,1795
6997,500
6998,620
6999,1595
7001,3785
7002,6765
7003,2740
7004,3715
7005,325
7006,10755
7007,7630
7008,665
7009,7260
7011,5570
7021,9055
7025,2325
7031,6820
7035,1510
7036,485
7037,2185
7038,2550
7039,1180
7041,7965
7044,395
7045,780
7046,90
7047,1060
7048,165
7051,5995
7054,1115
7055,1035
7061,4530
7064,5690
7065,970
7071,10580
7075,1895
7076,765
7077,460
7078,1065
7081,4615
7083,240
7084,965
7091,7445
7095,990
7101,12200
7102,3720
7103,7750
7104,1455
7105,405
7106,350
7107,805
7108,855
7109,665
7113,275
7115,280
7119,270
7121,8105
7122,7845
7123,1555
7126,1490
7131,10315
7132,2760
7134,1115
7135,1420
7136,2155
7137,1490
7141,9510
7142,490
7151,7720
7152,3725
7156,2955
7157,1435
7161,9560
7165,1085
7201,5325
7202,565
7203,4580
7204,9650
7205,2745
7206,7035
7207,8270
7211,4245
7213,3855
7214,1915
7215,410
7216,290
7217,1710
7218,1195
7221,2385
7223,1170
7224,85
7225,290
7226,155
7227,915
7231,5310
7232,3610
7233,355
7234,645
7241,8070
7242,5750
7244,1805
7245,4045
7251,7445
7255,6785
7256,1560
7261,7845
7263,875
7271,7855
7273,720
7274,1275
7275,690
7311,9180
7312,10575
7313,2250
7314,6770
7315,4885
7316,6125
7317,270
7321,6275
7322,9580
7323,9330
7324,75
7325,12670
7326,10450
7327,6070
7328,7625
7329,2720
7331,11455
7332,320
7333,6510
7334,2020
7335,6380
7336,210
7339,6260
7341,1030
7345,2210
7346,250
7348,90
7351,1535
7352,65
7361,4255
7364,1250
7371,3150
7381,1590
7382,1470
7383,2690
7384,2910
7391,12255
7392,245
7395,700
7396,2405
7397,720
7399,695
7411,7610
7412,11880
7413,7270
7414,5335
7415,9995
7416,3180
7417,4380
7418,645
7419,2410
7421,5735
7422,2570
7423,6635
7424,3985
7425,8445
7426,20
7427,100
7428,165
7429,1040
7431,4690
7433,5255
7434,1445
7435,390
7437,5555
7439,300
7441,4940
7442,10795
7443,9155
7447,6155
7448,2170
7451,8890
7461,8910
7462,14625
7463,5000
7466,360
7467,340
7468,7070
7471,12360
7472,45
7475,7480
7478,2650
7481,10540
7482,10855
7483,3045
7491,7300
7495,1880
7496,2115
7497,1565
7511,9095
7512,6520
7513,4955
7514,4175
7521,9520
7522,7105
7523,11665
7524,2955
7525,350
7531,8500
7532,5445
7533,3955
7534,12870
7535,3825
7536,70
7541,3335
7542,10650
7543,7595
7544,16700
7545,15680
7546,8865
7547,550
7548,3490
7551,3925
7552,11080
7553,9765
7554,1460
7555,9380
7556,11810
7557,9895
7558,13015
7559,10430
7561,1925
7562,200
7571,2590
7572,5225
7573,3645
7574,3700
7575,295
7576,6315
7577,10215
7581,7630
7582,5625
7585,495
7586,4230
7587,3640
7588,1040
7591,9905
7595,3005
7596,2320
7597,1715
7601,6855
7602,5240
7603,5745
7604,6700
7605,3195
7606,6975
7607,8745
7608,11525
7609,14305
7610,45
7611,1460
7614,295
7615,1600
7621,6530
7622,7915
7623,5230
7625,1375
7626,500
7627,1795
7631,4360
7634,750
7635,1030
7636,535
7637,330
7638,190
7641,8570
7642,6305
7645,990
7651,5725
7661,935
7662,200
7663,375
7664,620
7665,3555
7666,915
7667,1225
7668,140
7671,11415
7672,2275
7675,150
7676,4565
7678,4315
7679,1265
7681,8730
7683,5930
7685,1010
7686,580
7687,1125
7688,1415
7691,3440
7692,890
7693,1465
7694,1505
7695,1155
7696,295
7701,11510
7702,785
7705,345
7707,3865
7711,8730
7715,990
7721,6870
7722,7160
7731,11910
7734,395
7735,360
7736,225
7737,505
7738,640
7739,420
7741,9445
7742,6325
7751,4030
7753,710
7754,360
7755,360
7756,255
7761,4550
7764,485
7765,1760
7766,1315
7771,4835
7772,11140
7773,2670
7775,2125
7776,2930
7777,1055
7778,200
7779,70
7781,250
7782,2025
7783,3040
7784,540
7785,45
7786,210
7787,180
7788,155
7791,655
7792,115
7793,410
7794,320
7795,125
7796,275
7797,625
7798,360
7811,3940
7812,10430
7813,545
7814,1880
7815,6100
7821,20
7822,2755
7823,8110
7824,7885
7825,430
7826,3220
7827,9910
7828,2190
7831,3665
7833,4895
7841,2275
7842,70
7843,905
7844,2265
7845,260
7846,540
7847,235
7848,2250
7849,375
7851,385
7852,195
7853,185
7854,1905
7855,400
7856,180
7858,115
7859,40
7861,1905
7863,715
7864,410
7871,785
7872,1265
7873,1850
7874,430
7875,1630
7876,3485
7877,120
7881,7985
7884,1790
7885,2095
7887,4875
7889,190
7891,11955
7892,135
7894,3090
7895,815
7901,2975
7902,4295
7903,415
7904,5035
7905,4265
7906,6275
7907,2035
7908,11455
7909,2550
7911,240
7912,655
7913,5075
7914,2020
7915,80
7916,2505
7917,1360
7918,1375
7921,6580
7924,925
7925,645
7926,900
7927,765
7929,40
7931,680
7932,320
7933,1595
7934,575
7935,75
7936,760
7938,915
7941,5800
7942,4730
7943,8685
7944,9095
7946,1620
7948,3835
7949,125
7951,10525
7954,3430
7955,1200
7957,2895
7958,2410
7961,3885
7963,3595
7964,295
7965,120
7966,95
7971,3590
7973,715
7974,200
7975,1430
7981,2500
7983,620
7984,190
7985,150
7986,280
7991,4150
8011,6320
8012,7060
8013,2635
8014,12975
8015,3150
8016,8485
8017,7110
8019,1995
8021,4875
8022,4820
8023,5800
8024,3945
8025,555
8026,975
8028,250
8031,9530
8032,9755
8033,3340
8034,660
8035,305
8041,390
8042,5140
8043,20175
8044,55
8045,30
8051,10425
8052,1335
8055,610
8061,6965
8064,4750
8066,575
8071,11575
8072,8015
8075,4390
8076,725
8077,1990
8079,220
8081,11760
8084,6425
8085,4120
8091,12060
8094,1440
8095,1265
8096,5605
8097,2070
8101,6190
8102,6985
8103,5765
8105,2285
8106,1535
8107,1200
8111,3655
8112,1155
8121,8085
8124,1155
8131,7570
8141,6890
8144,420
8146,330
8147,210
8148,1325
8151,1905
8152,2380
8153,165
8154,100
8161,6585
8162,8845
8166,3075
8167,1580
8171,7735
8172,5060
8181,11330
8191,6045
8193,235
8194,695
8196,610
8198,75
8211,255
8212,4725
8218,260
8219,2510
8221,10
8222,190
8223,4955
8224,6830
8225,8210
8226,9860
8231,4815
8232,6160
8233,705
8239,175
8241,1095
8242,6100
8243,9235
8244,4310
8245,4720
8251,13005
8252,6195
8253,7655
8254,690
8255,6470
8256,6150
8261,4935
8262,5975
8263,590
8264,2175
8265,14105
8266,5875
8267,650
8271,11795
8274,840
8275,625
8276,750
8277,1030
8278,880
8281,10100
8291,30
8293,165
8294,170
8301,2085
8302,9640
8303,9625
8304,3610
8305,295
8307,3030
8308,1950
8309,2285
8311,1380
8312,1650
8313,1715
8314,1350
8315,2320
8316,3840
8317,1455
8319,5
8321,14075
8322,4605
8325,4120
8326,2385
8331,10690
8332,6170
8333,105
8334,1740
8335,220
8336,80
8337,160
8338,855
8339,165
8341,1975
8342,285
8343,645
8344,300
8345,320
8346,290
8347,615
8351,785
8355,2720
8356,1325
8361,70
8362,20
8363,185
8371,555
8372,50
8373,345
8374,890
8375,2550
8376,600
8377,260
8378,390
8381,1935
8382,235
8383,530
8384,930
8385,360
8386,100
8387,210
8388,555
8389,320
8391,3755
8392,880
8393,225
8394,415
8395,1075
8396,90
8397,830
8398,485
8401,7430
8403,290
8404,1065
8405,430
8406,1545
8407,1065
8408,1340
8409,755
8411,3325
8412,815
8413,845
8414,1465
8415,440
8421,1535
8422,285
8423,1030
8424,625
8425,295
8426,4765
8427,425
8428,420
8431,10025
8432,615
8433,3260
8434,850
8435,1875
8437,230
8438,120
8439,40
8441,4415
8442,5305
8443,2785
8444,315
8445,1575
8446,7655
8447,3455
8448,3835
8449,300
8451,1490
8452,150
8453,1025
8454,700
8455,620
8456,1415
8457,295
8458,775
8459,425
8461,660
8462,210
8463,615
8464,1240
8465,2005
8466,60
8467,355
8468,410
8469,150
8471,11615
8472,1135
8474,1040
8475,490
8476,305
8477,150
8478,240
8479,230
8481,130
8482,215
8483,425
8484,250
8485,415
8486,220
8487,155
8488,180
8489,40
8491,3400
8493,825
8494,1095
8495,1445
8497,70
8501,9725
8502,3265
8503,50
8505,70
8506,590
8507,230
8508,405
8511,270
8512,200
8513,360
8514,70
8515,75
8516,90
8517,830
8521,3360
8522,380
8523,475
8524,25
8525,1030
8526,105
8527,40
8528,60
8529,90
8531,7830
8532,2285
8534,45
8535,165
8536,930
8537,235
8538,655
8539,1040
8541,105
8542,240
8551,1380
8552,15
8553,115
8554,65
8556,760
8561,3755
8563,675
8564,115
8565,430
8566,560
8567,1355
8571,525
8572,175
8573,105
8574,1050
8581,355
8582,285
8583,65
8584,585
8601,3015
8602,4630
8603,4295
8604,5030
8605,2180
8606,2840
8607,6055
8608,4725
8611,295
8612,25
8613,15
8614,675
8615,585
8616,90
8617,260
8618,430
8621,2305
8622,640
8623,305
8624,390
8625,1115
8626,165
8627,380
8628,250
8629,1670
8631,50
8632,180
8633,640
8635,425
8636,140
8637,275
8641,135
8642,75
8644,130
8647,370
8651,3205
8658,75
8701,7650
8702,2230
8711,4355
8713,815
8715,955
8721,800
8722,385
8723,2705
8724,360
8731,2220
8732,265
8733,40
8734,970
8735,250
8736,180
8737,125
8741,140
8742,330
8743,95
8744,275
8745,50
8746,185
8747,290
8748,1710
8749,605
8751,165
8752,25
8753,75
8754,3530
8755,115
8756,55
8757,205
8758,85
8759,465
8761,245
8762,75
8763,500
8764,100
8765,455
8766,5
8771,1030
8772,30
8773,335
8774,135
8775,30
8801,6600
8802,6440
8804,1215
8805,225
8806,620
8807,240
8808,370
8809,50
8811,440
8812,285
8813,130
8814,105
8816,115
8821,595
8822,1115
8823,360
8831,1075
8832,110
8833,25
8834,195
8835,455
8841,125
8842,475
8843,290
8844,60
8845,85
8851,1460
8852,75
8853,35
8854,535
8855,1765
8856,155
8857,495
8861,6525
8862,8180
8871,15
8872,655
8881,2400
8882,30
8883,15
8884,105
8885,40
8891,1010
8892,20
8893,100
8894,235
8895,140
8896,480
8897,145
8899,1150
8911,4605
8912,40
8913,3480
8914,545
8915,5305
8916,3305
8917,2545
8918,6025
8919,950
8921,9145
8922,3200
8923,3265
8924,3885
8925,5700
8926,5505
8927,265
8931,3700
8932,7205
8933,4125
8934,2250
8935,6650
8936,575
8937,910
8938,75
8939,5795
8941,390
9001,5575
9003,960
9004,40
9005,1680
9006,30
9007,95
9008,1095
9009,80
9011,1295
9012,640
9013,180
9014,365
9021,340
9022,1150
9023,325
9024,610
9025,130
9026,140
9027,315
9031,440
9032,85
9033,1010
9034,1110
9035,3340
9036,2700
9037,80
9038,410
9041,2500
9043,205
9044,825
9045,945
9047,1830
9051,7660
9053,180
9054,410
9055,1035
9056,450
9057,355
9061,2360
9062,1775
9063,680
9064,660
9067,200
9071,280
9072,305
9073,1470
9074,2795
9075,275
9076,5005
9077,720
9078,1040
9079,1765
9081,450
9082,30
9083,220
9084,2615
9085,10
9086,230
9087,55
9088,1205
9089,590
9091,205
9101,8570
9102,1160
9103,2885
9104,5595
9105,1125
9106,55
9107,60
9108,1200
9109,260
9111,455
9112,680
9113,1070
9114,975
9121,135
9122,70
9123,910
9124,50
9125,220
9131,865
9132,570
9133,1175
9134,355
9135,240
9136,255
9137,935
9138,385
9141,340
9142,245
9143,375
9144,210
9145,1450
9146,80
9147,380
9148,65
9151,1660
9152,45
9153,235
9154,85
9155,225
9156,120
9161,1245
9162,425
9163,1145
9164,690
9166,955
9171,860
9172,1860
9173,95
9174,90
9175,150
9176,80
9177,80
9178,200
9201,7880
9202,8535
9203,9240
9204,7600
9205,5190
9206,85
9207,6265
9211,245
9212,1550
9213,730
9214,50
9215,265
9216,1730
9217,490
9218,1675
9219,330
9221,1380
9222,1190
9223,940
9231,5860
9233,1140
9241,2075
9243,1920
9244,3530
9245,1730
9246,85
9247,4850
9248,855
9249,1020
9251,10035
9254,4890
9255,1530
9256,790
9257,2295
9258,960
9261,1585
9262,1410
9263,1935
9264,400
9265,660
9269,3620
9271,5225
9281,4265
9283,1375
9284,1310
9285,5790
9286,1090
9287,1875
9288,2540
9289,1750
9291,5520
9292,70
9293,460
9294,855
9295,645
9296,340
9297,105
9298,3030
9299,615
9301,11355
9302,3180
9304,255
9305,330
9306,95
9307,210
9311,1440
9312,1065
9313,140
9314,225
9315,355
9321,5335
9331,3630
9333,240
9334,140
9335,200
9336,130
9337,160
9341,1245
9342,800
9343,225
9351,10255
9354,2795
9355,430
9356,4635
9359,25
9361,325
9362,310
9363,5790
9364,770
9365,690
9366,255
9367,1665
9401,5370
9402,8730
9403,14915
9404,6155
9405,5985
9406,9795
9407,6910
9408,8585
9409,275
9411,8630
9412,1350
9413,1200
9414,1380
9415,855
9416,140
9417,355
9418,1060
9419,430
9421,3530
9422,5035
9423,1320
9431,4900
9432,75
9433,435
9434,70
9435,70
9436,290
9437,105
9438,100
9439,575
9441,210
9442,375
9443,265
9444,790
9445,30
9446,95
9447,55
9448,90
9449,350
9451,3925
9452,70
9453,45
9454,285
9455,10
9456,30
9457,90
9458,155
9459,25
9461,5160
9462,1725
9463,1420
9464,150
9465,260
9466,425
9467,445
9468,3705
9469,575
9471,6335
9472,3730
9473,445
9474,340
9475,325
9479,585
9481,4235
9482,1800
9483,350
9484,75
9485,115
9486,40
9487,105
9488,110
9489,25
9491,775
9492,180
9493,230
9494,865
9495,105
9496,200
9497,450
9501,9740
9502,5995
9503,4160
9511,985
9512,420
9514,1950
9515,695
9521,5050
9523,545
9524,430
9525,265
9526,85
9527,115
9528,850
9531,4705
9533,465
9534,135
9535,30
9536,355
9537,160
9541,3390
9545,710
9551,2395
9561,8745
9563,1055
9564,50
9566,610
9571,2445
9573,395
9574,100
9581,7585
9584,1260
9585,290
9591,2815
9601,6855
9602,12265
9603,3035
9605,910
9606,1705
9607,1025
9608,855
9609,20
9611,8125
9613,10
9615,1350
9616,535
9617,3305
9618,100
9619,880
9621,2300
9623,220
9624,60
9625,555
9626,1740
9627,570
9628,3400
9629,190
9631,410
9632,50
9633,130
9635,1895
9636,3780
9641,5475
9642,7930
9644,1715
9645,4230
9646,2515
9648,5685
9649,4785
9651,1735
9654,455
9655,130
9656,165
9657,105
9658,475
9659,230
9661,1275
9663,4665
9665,8285
9671,4050
9672,445
9673,3195
9674,3230
9675,7305
9677,1540
9678,1580
9679,5080
9681,2270
9682,1555
9684,2365
9685,370
9686,2205
9687,245
9688,460
9691,35
9693,1475
9695,3565
9696,165
9697,2745
9698,1315
9699,1005
9711,8600
9712,8840
9713,11055
9714,5740
9715,8315
9716,2925
9717,6515
9718,8715
9721,10670
9722,7695
9723,4010
9724,4930
9725,5785
9726,4055
9727,5000
9728,10460
9731,7535
9732,5380
9733,3680
9734,2900
9735,245
9736,6805
9737,6410
9738,405
9741,7730
9742,8900
9743,11120
9744,6035
9745,3380
9746,6125
9747,15
9749,30
9751,5365
9752,5120
9753,5310
9755,750
9756,1380
9761,6715
9765,3715
9766,1635
9771,1145
9773,120
9774,660
9781,8510
9784,275
9785,1080
9791,4640
9792,890
9793,125
9794,95
9795,385
9796,180
9797,600
9798,545
9801,6880
9804,1565
9805,440
9811,290
9812,70
9821,1175
9822,1675
9824,470
9825,195
9827,175
9828,650
9831,2280
9832,435
9833,280
9841,20
9842,450
9843,2820
9844,220
9845,390
9851,595
9852,205
9853,485
9861,3375
9862,690
9863,1170
9864,685
9865,2435
9866,1000
9871,150
9872,170
9873,810
9881,360
9882,225
9883,1650
9884,285
9885,225
9886,100
9891,870
9892,315
9893,465
9901,4135
9902,5820
9903,2140
9904,125
9905,1125
9906,765
9907,185
9908,345
9909,1440
9911,220
9912,285
9913,125
9914,535
9915,900
9917,565
9918,615
9919,2640
9921,1045
9922,405
9923,215
9924,30
9925,20
9931,2140
9932,4835
9933,4110
9934,5195
9936,1785
9937,665
9939,325
9942,115
9943,400
9944,1435
9945,1880
9946,1055
9947,425
9948,315
9949,175
9951,7620
9953,1955
9954,90
9955,220
9956,495
9957,50
9959,625
9961,195
9962,100
9963,265
9964,800
9965,1800
9966,155
9967,1540
9968,445
9969,255
9971,1505
9972,70
9973,255
9974,1220
9975,200
9976,175
9977,1315
9978,195
9979,10
9981,5635
9982,3280
9983,1225
9984,245
9985,155
9986,110
9987,225
9988,1540
9989,2355
9991,2300
9992,130
9993,150
9994,90
9995,760
9996,75
9997,630
9998,190
9999,105
